9 0.6850961538461539 0.3293269230769231 0.0625 0.13942307692307693 
9 0.8846153846153846 0.5685096153846154 0.07211538461538461 0.12740384615384615 
3 0.18870192307692307 0.5480769230769231 0.07451923076923077 0.13942307692307693 
3 0.41225961538461536 0.33533653846153844 0.06009615384615385 0.15144230769230768 
4 0.5084134615384616 0.2536057692307692 0.04567307692307692 0.10817307692307693 
4 0.44471153846153844 0.15985576923076922 0.04807692307692308 0.11298076923076923 
4 0.47716346153846156 0.6875 0.06009615384615385 0.1201923076923077 
4 0.33052884615384615 0.33774038461538464 0.04567307692307692 0.11298076923076923 
4 0.4170673076923077 0.5540865384615384 0.055288461538461536 0.11778846153846154 
4 0.49278846153846156 0.4519230769230769 0.052884615384615384 0.11057692307692307 
4 0.26322115384615385 0.8028846153846154 0.06009615384615385 0.1201923076923077 
4 0.515625 0.06850961538461539 0.04567307692307692 0.11298076923076923 
8 0.8858173076923077 0.41466346153846156 0.08413461538461539 0.18028846153846154 
10 0.7944711538461539 0.6959134615384616 0.06009615384615385 0.11778846153846154 
10 0.78125 0.4495192307692308 0.0625 0.11538461538461539 
10 0.5793269230769231 0.8185096153846154 0.0625 0.12259615384615384 
10 0.6009615384615384 0.5757211538461539 0.057692307692307696 0.11778846153846154 
10 0.78125 0.3473557692307692 0.052884615384615384 0.10817307692307693 
10 0.6165865384615384 0.07091346153846154 0.05048076923076923 0.10817307692307693 
10 0.6129807692307693 0.2403846153846154 0.052884615384615384 0.11057692307692307 
1 0.26802884615384615 0.13581730769230768 0.055288461538461536 0.14182692307692307 
7 0.8617788461538461 0.14182692307692307 0.06490384615384616 0.16346153846153846 
7 0.9074519230769231 0.6899038461538461 0.07451923076923077 0.14903846153846154 
11 0.7632211538461539 0.21875 0.06971153846153846 0.16346153846153846 
6 0.15504807692307693 0.7992788461538461 0.07451923076923077 0.1466346153846154 
12 0.6875 0.8064903846153846 0.07211538461538461 0.15144230769230768 
2 0.23798076923076922 0.28725961538461536 0.08173076923076923 0.21394230769230768 
